
False Negative Patient Index:

False NEgative Index:Logistic Regression (258 index)
=====================
[55, 111, 125, 157, 191, 222, 253, 261, 264, 382, 434, 436, 477, 478, 483, 638, 696, 706, 726, 729, 741, 842, 848, 891, 953, 1044, 1064, 1111, 1148, 1176, 1274, 1302, 1384, 1461, 1498, 1575, 1794, 1795, 1826, 1829, 1866, 1894, 1923, 1924, 1972, 2003, 2032, 2054, 2055, 2084, 2119, 2184, 2204, 2219, 2247, 2293, 2312, 2315, 2320, 2337, 2367, 2381, 2452, 2515, 2537, 2652, 2776, 2819, 2828, 2912, 2943, 3025, 3142, 3143, 3170, 3177, 3297, 3301, 3396, 3470, 3586, 3593, 3617, 3622, 3692, 3743, 3746, 3780, 3787, 3850, 3866, 3938, 3977, 4076, 4143, 4170, 4172, 4174, 4180, 4248, 4257, 4271, 4339, 4383, 4416, 4585, 4638, 4705, 4714, 4720, 4724, 4725, 4737, 4765, 4786, 4823, 4853, 4858, 4887, 4893, 4903, 4912, 4984, 5017, 5086, 5097, 5145, 5155, 5206, 5257, 5292, 5314, 5396, 5432, 5437, 5496, 5594, 5637, 5721, 5814, 5874, 5897, 5929, 5933, 5953, 6006, 6086, 6127, 6133, 6159, 6174, 6176, 6236, 6246, 6264, 6265, 6286, 6293, 6297, 6320, 6325, 6331, 6332, 6355, 6358, 6367, 6386, 6431, 6450, 6491, 6533, 6543, 6558, 6752, 6760, 6775, 6888, 6936, 6955, 6956, 6960, 6995, 7053, 7071, 7117, 7148, 7167, 7184, 7214, 7238, 7302, 7313, 7390, 7456, 7579, 7600, 7647, 7699, 7714, 7716, 7776, 7816, 7844, 7863, 7902, 7922, 7953, 8035, 8117, 8189, 8307, 8333, 8358, 8407, 8474, 8526, 8713, 8806, 8825, 8861, 8901, 8945, 8946, 9080, 9149, 9155, 9199, 9205, 9215, 9280, 9439, 9448, 9497, 9502, 9523, 9550, 9576, 9594, 9597, 9611, 9612, 9620, 9623, 9651, 9676, 9702, 9725, 9731, 9772, 9830, 9837, 9843, 9884, 9917, 9919, 9932, 9934, 9974]

False Negative index: Random forest (253 index)
===================================
[55, 111, 125, 157, 191, 222, 253, 261, 264, 382, 434, 436, 477, 478, 483, 638, 696, 706, 726, 729, 741, 842, 848, 891, 953, 969, 1044, 1064, 1111, 1148, 1176, 1274, 1302, 1384, 1461, 1498, 1575, 1794, 1795, 1826, 1829, 1866, 1894, 1923, 1924, 1972, 2003, 2032, 2054, 2055, 2084, 2119, 2184, 2204, 2219, 2247, 2293, 2312, 2315, 2320, 2337, 2367, 2381, 2452, 2495, 2515, 2652, 2819, 2828, 2912, 3142, 3143, 3170, 3297, 3301, 3396, 3470, 3586, 3593, 3617, 3622, 3692, 3743, 3780, 3787, 3850, 3866, 3938, 3977, 4076, 4143, 4170, 4172, 4174, 4180, 4248, 4257, 4271, 4318, 4339, 4383, 4584, 4585, 4638, 4685, 4705, 4714, 4720, 4724, 4725, 4737, 4765, 4786, 4853, 4858, 4887, 4893, 4903, 4912, 4984, 5017, 5028, 5047, 5086, 5097, 5145, 5155, 5206, 5257, 5292, 5314, 5396, 5432, 5437, 5496, 5594, 5637, 5721, 5874, 5897, 5929, 5933, 5953, 6006, 6086, 6127, 6133, 6159, 6174, 6176, 6210, 6236, 6246, 6264, 6293, 6297, 6320, 6325, 6328, 6331, 6355, 6367, 6386, 6431, 6450, 6490, 6491, 6533, 6543, 6558, 6616, 6639, 6647, 6752, 6760, 6775, 6888, 6936, 6955, 6956, 6960, 6995, 7053, 7071, 7117, 7148, 7167, 7214, 7238, 7313, 7390, 7456, 7579, 7600, 7647, 7699, 7714, 7716, 7776, 7816, 7844, 7863, 7902, 7953, 8117, 8189, 8307, 8333, 8358, 8407, 8474, 8526, 8713, 8806, 8825, 8861, 8901, 8909, 8945, 8946, 9080, 9149, 9155, 9199, 9205, 9215, 9280, 9393, 9439, 9448, 9497, 9523, 9594, 9597, 9611, 9612, 9620, 9623, 9651, 9676, 9702, 9725, 9731, 9830, 9837, 9843, 9877, 9884, 9917, 9919, 9932, 9934, 9974]
